<!DOCTYPE html>
<html lang="" xml:lang="">
  <head>
    <title>28 Hierarchical clustering</title>
    <meta charset="utf-8" />
    <meta name="author" content="STAT 406" />
    <meta name="author" content="Daniel J. McDonald" />
    <script src="libs/htmlwidgets/htmlwidgets.js"></script>
    <script src="libs/plotly-binding/plotly.js"></script>
    <script src="libs/typedarray/typedarray.min.js"></script>
    <script src="libs/jquery/jquery.min.js"></script>
    <link href="libs/crosstalk/css/crosstalk.css" rel="stylesheet" />
    <script src="libs/crosstalk/js/crosstalk.min.js"></script>
    <link href="libs/plotly-htmlwidgets-css/plotly-htmlwidgets.css" rel="stylesheet" />
    <script src="libs/plotly-main/plotly-latest.min.js"></script>
    <script src="https://kit.fontawesome.com/ae71192e04.js" crossorigin="anonymous"></script>
    <link rel="stylesheet" href="materials/xaringan-themer.css" type="text/css" />
    <link rel="stylesheet" href="slides-style.css" type="text/css" />
  </head>
  <body>
    <textarea id="source">
class: center, middle, inverse, title-slide

# 28 Hierarchical clustering
### STAT 406
### Daniel J. McDonald
### Last modified - 2020-08-19

---






## From `\(K\)`-means to hierarchical clustering


.pull-left[
__K-means__


1.  It fits exactly `\(K\)` clusters.

2.  Final clustering assignments depend on the chosen initial cluster
    centers.

__Hierarchical clustering__

1.  No need to choose the number of clusters before hand.

2.  There is no random component (nor choice of starting point).


There is a catch: we need to choose a way to measure the distance
between clusters, called the __linkage__.
]

.pull-right[

<div id="htmlwidget-a38393e785e9eaf1f66e" style="width:360px;height:360px;" class="plotly html-widget"></div>
<script type="application/json" data-for="htmlwidget-a38393e785e9eaf1f66e">{"x":{"data":[{"x":[13.7236328125,4.3125,null,4.3125,4.3125,null,4.3125,1.5,null,1.5,1.5,null,1.5,1,null,1,1,null,1.5,2,null,2,2,null,4.3125,7.125,null,7.125,7.125,null,7.125,4.5,null,4.5,4.5,null,4.5,3.5,null,3.5,3.5,null,3.5,3,null,3,3,null,3.5,4,null,4,4,null,4.5,5.5,null,5.5,5.5,null,5.5,5,null,5,5,null,5.5,6,null,6,6,null,7.125,9.75,null,9.75,9.75,null,9.75,8.25,null,8.25,8.25,null,8.25,7.5,null,7.5,7.5,null,7.5,7,null,7,7,null,7.5,8,null,8,8,null,8.25,9,null,9,9,null,9.75,11.25,null,11.25,11.25,null,11.25,10.5,null,10.5,10.5,null,10.5,10,null,10,10,null,10.5,11,null,11,11,null,11.25,12,null,12,12,null,13.7236328125,23.134765625,null,23.134765625,23.134765625,null,23.134765625,14.25,null,14.25,14.25,null,14.25,13.5,null,13.5,13.5,null,13.5,13,null,13,13,null,13.5,14,null,14,14,null,14.25,15,null,15,15,null,23.134765625,32.01953125,null,32.01953125,32.01953125,null,32.01953125,24.7890625,null,24.7890625,24.7890625,null,24.7890625,19.1875,null,19.1875,19.1875,null,19.1875,16.875,null,16.875,16.875,null,16.875,16,null,16,16,null,16.875,17.75,null,17.75,17.75,null,17.75,17,null,17,17,null,17.75,18.5,null,18.5,18.5,null,18.5,18,null,18,18,null,18.5,19,null,19,19,null,19.1875,21.5,null,21.5,21.5,null,21.5,20.5,null,20.5,20.5,null,20.5,20,null,20,20,null,20.5,21,null,21,21,null,21.5,22.5,null,22.5,22.5,null,22.5,22,null,22,22,null,22.5,23,null,23,23,null,24.7890625,30.390625,null,30.390625,30.390625,null,30.390625,26.03125,null,26.03125,26.03125,null,26.03125,24,null,24,24,null,26.03125,28.0625,null,28.0625,28.0625,null,28.0625,26.25,null,26.25,26.25,null,26.25,25.5,null,25.5,25.5,null,25.5,25,null,25,25,null,25.5,26,null,26,26,null,26.25,27,null,27,27,null,28.0625,29.875,null,29.875,29.875,null,29.875,28.75,null,28.75,28.75,null,28.75,28,null,28,28,null,28.75,29.5,null,29.5,29.5,null,29.5,29,null,29,29,null,29.5,30,null,30,30,null,29.875,31,null,31,31,null,30.390625,34.75,null,34.75,34.75,null,34.75,33.25,null,33.25,33.25,null,33.25,32.5,null,32.5,32.5,null,32.5,32,null,32,32,null,32.5,33,null,33,33,null,33.25,34,null,34,34,null,34.75,36.25,null,36.25,36.25,null,36.25,35.5,null,35.5,35.5,null,35.5,35,null,35,35,null,35.5,36,null,36,36,null,36.25,37,null,37,37,null,32.01953125,39.25,null,39.25,39.25,null,39.25,38.5,null,38.5,38.5,null,38.5,38,null,38,38,null,38.5,39,null,39,39,null,39.25,40,null,40,40],"y":[15.9475049032149,15.9475049032149,null,15.9475049032149,10.6233888970245,null,10.6233888970245,10.6233888970245,null,10.6233888970245,1.23930377528137,null,1.23930377528137,1.23930377528137,null,1.23930377528137,0,null,1.23930377528137,1.23930377528137,null,1.23930377528137,0,null,10.6233888970245,10.6233888970245,null,10.6233888970245,7.34929871523356,null,7.34929871523356,7.34929871523356,null,7.34929871523356,4.79028570212136,null,4.79028570212136,4.79028570212136,null,4.79028570212136,0.591388409140752,null,0.591388409140752,0.591388409140752,null,0.591388409140752,0,null,0.591388409140752,0.591388409140752,null,0.591388409140752,0,null,4.79028570212136,4.79028570212136,null,4.79028570212136,1.15008974200398,null,1.15008974200398,1.15008974200398,null,1.15008974200398,0,null,1.15008974200398,1.15008974200398,null,1.15008974200398,0,null,7.34929871523356,7.34929871523356,null,7.34929871523356,5.60072024076262,null,5.60072024076262,5.60072024076262,null,5.60072024076262,2.90759047598191,null,2.90759047598191,2.90759047598191,null,2.90759047598191,2.11011068108883,null,2.11011068108883,2.11011068108883,null,2.11011068108883,0,null,2.11011068108883,2.11011068108883,null,2.11011068108883,0,null,2.90759047598191,2.90759047598191,null,2.90759047598191,0,null,5.60072024076262,5.60072024076262,null,5.60072024076262,3.36079360140469,null,3.36079360140469,3.36079360140469,null,3.36079360140469,1.93061496459686,null,1.93061496459686,1.93061496459686,null,1.93061496459686,0,null,1.93061496459686,1.93061496459686,null,1.93061496459686,0,null,3.36079360140469,3.36079360140469,null,3.36079360140469,0,null,15.9475049032149,15.9475049032149,null,15.9475049032149,14.0883165151646,null,14.0883165151646,14.0883165151646,null,14.0883165151646,6.72925095411001,null,6.72925095411001,6.72925095411001,null,6.72925095411001,0.9425708869233,null,0.9425708869233,0.9425708869233,null,0.9425708869233,0,null,0.9425708869233,0.9425708869233,null,0.9425708869233,0,null,6.72925095411001,6.72925095411001,null,6.72925095411001,0,null,14.0883165151646,14.0883165151646,null,14.0883165151646,11.4927308278215,null,11.4927308278215,11.4927308278215,null,11.4927308278215,10.5894135465193,null,10.5894135465193,10.5894135465193,null,10.5894135465193,5.69456539286704,null,5.69456539286704,5.69456539286704,null,5.69456539286704,2.69177376752621,null,2.69177376752621,2.69177376752621,null,2.69177376752621,0,null,2.69177376752621,2.69177376752621,null,2.69177376752621,1.64076879616839,null,1.64076879616839,1.64076879616839,null,1.64076879616839,0,null,1.64076879616839,1.64076879616839,null,1.64076879616839,0.902475028192265,null,0.902475028192265,0.902475028192265,null,0.902475028192265,0,null,0.902475028192265,0.902475028192265,null,0.902475028192265,0,null,5.69456539286704,5.69456539286704,null,5.69456539286704,3.27887506923313,null,3.27887506923313,3.27887506923313,null,3.27887506923313,1.59025980599934,null,1.59025980599934,1.59025980599934,null,1.59025980599934,0,null,1.59025980599934,1.59025980599934,null,1.59025980599934,0,null,3.27887506923313,3.27887506923313,null,3.27887506923313,2.11621032418316,null,2.11621032418316,2.11621032418316,null,2.11621032418316,0,null,2.11621032418316,2.11621032418316,null,2.11621032418316,0,null,10.5894135465193,10.5894135465193,null,10.5894135465193,6.83473990172052,null,6.83473990172052,6.83473990172052,null,6.83473990172052,3.19269689661485,null,3.19269689661485,3.19269689661485,null,3.19269689661485,0,null,3.19269689661485,3.19269689661485,null,3.19269689661485,2.41767417577267,null,2.41767417577267,2.41767417577267,null,2.41767417577267,0.999635143483941,null,0.999635143483941,0.999635143483941,null,0.999635143483941,0.413780933310558,null,0.413780933310558,0.413780933310558,null,0.413780933310558,0,null,0.413780933310558,0.413780933310558,null,0.413780933310558,0,null,0.999635143483941,0.999635143483941,null,0.999635143483941,0,null,2.41767417577267,2.41767417577267,null,2.41767417577267,0.489071609454022,null,0.489071609454022,0.489071609454022,null,0.489071609454022,0.411130434288041,null,0.411130434288041,0.411130434288041,null,0.411130434288041,0,null,0.411130434288041,0.411130434288041,null,0.411130434288041,0.0883271750348799,null,0.0883271750348799,0.0883271750348799,null,0.0883271750348799,0,null,0.0883271750348799,0.0883271750348799,null,0.0883271750348799,0,null,0.489071609454022,0.489071609454022,null,0.489071609454022,0,null,6.83473990172052,6.83473990172052,null,6.83473990172052,4.5364520467104,null,4.5364520467104,4.5364520467104,null,4.5364520467104,1.99094732545917,null,1.99094732545917,1.99094732545917,null,1.99094732545917,1.41318166922248,null,1.41318166922248,1.41318166922248,null,1.41318166922248,0,null,1.41318166922248,1.41318166922248,null,1.41318166922248,0,null,1.99094732545917,1.99094732545917,null,1.99094732545917,0,null,4.5364520467104,4.5364520467104,null,4.5364520467104,1.20759885680467,null,1.20759885680467,1.20759885680467,null,1.20759885680467,0.973882585992546,null,0.973882585992546,0.973882585992546,null,0.973882585992546,0,null,0.973882585992546,0.973882585992546,null,0.973882585992546,0,null,1.20759885680467,1.20759885680467,null,1.20759885680467,0,null,11.4927308278215,11.4927308278215,null,11.4927308278215,4.05199815908864,null,4.05199815908864,4.05199815908864,null,4.05199815908864,2.82841923003226,null,2.82841923003226,2.82841923003226,null,2.82841923003226,0,null,2.82841923003226,2.82841923003226,null,2.82841923003226,0,null,4.05199815908864,4.05199815908864,null,4.05199815908864,0],"text":["y: 15.94750490","y: 15.94750490",null,"y: 15.94750490","y: 15.94750490",null,"y: 10.62338890","y: 10.62338890",null,"y: 10.62338890","y: 10.62338890",null,"y:  1.23930378","y:  1.23930378",null,"y:  1.23930378","y:  1.23930378",null,"y:  1.23930378","y:  1.23930378",null,"y:  1.23930378","y:  1.23930378",null,"y: 10.62338890","y: 10.62338890",null,"y: 10.62338890","y: 10.62338890",null,"y:  7.34929872","y:  7.34929872",null,"y:  7.34929872","y:  7.34929872",null,"y:  4.79028570","y:  4.79028570",null,"y:  4.79028570","y:  4.79028570",null,"y:  0.59138841","y:  0.59138841",null,"y:  0.59138841","y:  0.59138841",null,"y:  0.59138841","y:  0.59138841",null,"y:  0.59138841","y:  0.59138841",null,"y:  4.79028570","y:  4.79028570",null,"y:  4.79028570","y:  4.79028570",null,"y:  1.15008974","y:  1.15008974",null,"y:  1.15008974","y:  1.15008974",null,"y:  1.15008974","y:  1.15008974",null,"y:  1.15008974","y:  1.15008974",null,"y:  7.34929872","y:  7.34929872",null,"y:  7.34929872","y:  7.34929872",null,"y:  5.60072024","y:  5.60072024",null,"y:  5.60072024","y:  5.60072024",null,"y:  2.90759048","y:  2.90759048",null,"y:  2.90759048","y:  2.90759048",null,"y:  2.11011068","y:  2.11011068",null,"y:  2.11011068","y:  2.11011068",null,"y:  2.11011068","y:  2.11011068",null,"y:  2.11011068","y:  2.11011068",null,"y:  2.90759048","y:  2.90759048",null,"y:  2.90759048","y:  2.90759048",null,"y:  5.60072024","y:  5.60072024",null,"y:  5.60072024","y:  5.60072024",null,"y:  3.36079360","y:  3.36079360",null,"y:  3.36079360","y:  3.36079360",null,"y:  1.93061496","y:  1.93061496",null,"y:  1.93061496","y:  1.93061496",null,"y:  1.93061496","y:  1.93061496",null,"y:  1.93061496","y:  1.93061496",null,"y:  3.36079360","y:  3.36079360",null,"y:  3.36079360","y:  3.36079360",null,"y: 15.94750490","y: 15.94750490",null,"y: 15.94750490","y: 15.94750490",null,"y: 14.08831652","y: 14.08831652",null,"y: 14.08831652","y: 14.08831652",null,"y:  6.72925095","y:  6.72925095",null,"y:  6.72925095","y:  6.72925095",null,"y:  0.94257089","y:  0.94257089",null,"y:  0.94257089","y:  0.94257089",null,"y:  0.94257089","y:  0.94257089",null,"y:  0.94257089","y:  0.94257089",null,"y:  6.72925095","y:  6.72925095",null,"y:  6.72925095","y:  6.72925095",null,"y: 14.08831652","y: 14.08831652",null,"y: 14.08831652","y: 14.08831652",null,"y: 11.49273083","y: 11.49273083",null,"y: 11.49273083","y: 11.49273083",null,"y: 10.58941355","y: 10.58941355",null,"y: 10.58941355","y: 10.58941355",null,"y:  5.69456539","y:  5.69456539",null,"y:  5.69456539","y:  5.69456539",null,"y:  2.69177377","y:  2.69177377",null,"y:  2.69177377","y:  2.69177377",null,"y:  2.69177377","y:  2.69177377",null,"y:  2.69177377","y:  2.69177377",null,"y:  1.64076880","y:  1.64076880",null,"y:  1.64076880","y:  1.64076880",null,"y:  1.64076880","y:  1.64076880",null,"y:  1.64076880","y:  1.64076880",null,"y:  0.90247503","y:  0.90247503",null,"y:  0.90247503","y:  0.90247503",null,"y:  0.90247503","y:  0.90247503",null,"y:  0.90247503","y:  0.90247503",null,"y:  5.69456539","y:  5.69456539",null,"y:  5.69456539","y:  5.69456539",null,"y:  3.27887507","y:  3.27887507",null,"y:  3.27887507","y:  3.27887507",null,"y:  1.59025981","y:  1.59025981",null,"y:  1.59025981","y:  1.59025981",null,"y:  1.59025981","y:  1.59025981",null,"y:  1.59025981","y:  1.59025981",null,"y:  3.27887507","y:  3.27887507",null,"y:  3.27887507","y:  3.27887507",null,"y:  2.11621032","y:  2.11621032",null,"y:  2.11621032","y:  2.11621032",null,"y:  2.11621032","y:  2.11621032",null,"y:  2.11621032","y:  2.11621032",null,"y: 10.58941355","y: 10.58941355",null,"y: 10.58941355","y: 10.58941355",null,"y:  6.83473990","y:  6.83473990",null,"y:  6.83473990","y:  6.83473990",null,"y:  3.19269690","y:  3.19269690",null,"y:  3.19269690","y:  3.19269690",null,"y:  3.19269690","y:  3.19269690",null,"y:  3.19269690","y:  3.19269690",null,"y:  2.41767418","y:  2.41767418",null,"y:  2.41767418","y:  2.41767418",null,"y:  0.99963514","y:  0.99963514",null,"y:  0.99963514","y:  0.99963514",null,"y:  0.41378093","y:  0.41378093",null,"y:  0.41378093","y:  0.41378093",null,"y:  0.41378093","y:  0.41378093",null,"y:  0.41378093","y:  0.41378093",null,"y:  0.99963514","y:  0.99963514",null,"y:  0.99963514","y:  0.99963514",null,"y:  2.41767418","y:  2.41767418",null,"y:  2.41767418","y:  2.41767418",null,"y:  0.48907161","y:  0.48907161",null,"y:  0.48907161","y:  0.48907161",null,"y:  0.41113043","y:  0.41113043",null,"y:  0.41113043","y:  0.41113043",null,"y:  0.41113043","y:  0.41113043",null,"y:  0.41113043","y:  0.41113043",null,"y:  0.08832718","y:  0.08832718",null,"y:  0.08832718","y:  0.08832718",null,"y:  0.08832718","y:  0.08832718",null,"y:  0.08832718","y:  0.08832718",null,"y:  0.48907161","y:  0.48907161",null,"y:  0.48907161","y:  0.48907161",null,"y:  6.83473990","y:  6.83473990",null,"y:  6.83473990","y:  6.83473990",null,"y:  4.53645205","y:  4.53645205",null,"y:  4.53645205","y:  4.53645205",null,"y:  1.99094733","y:  1.99094733",null,"y:  1.99094733","y:  1.99094733",null,"y:  1.41318167","y:  1.41318167",null,"y:  1.41318167","y:  1.41318167",null,"y:  1.41318167","y:  1.41318167",null,"y:  1.41318167","y:  1.41318167",null,"y:  1.99094733","y:  1.99094733",null,"y:  1.99094733","y:  1.99094733",null,"y:  4.53645205","y:  4.53645205",null,"y:  4.53645205","y:  4.53645205",null,"y:  1.20759886","y:  1.20759886",null,"y:  1.20759886","y:  1.20759886",null,"y:  0.97388259","y:  0.97388259",null,"y:  0.97388259","y:  0.97388259",null,"y:  0.97388259","y:  0.97388259",null,"y:  0.97388259","y:  0.97388259",null,"y:  1.20759886","y:  1.20759886",null,"y:  1.20759886","y:  1.20759886",null,"y: 11.49273083","y: 11.49273083",null,"y: 11.49273083","y: 11.49273083",null,"y:  4.05199816","y:  4.05199816",null,"y:  4.05199816","y:  4.05199816",null,"y:  2.82841923","y:  2.82841923",null,"y:  2.82841923","y:  2.82841923",null,"y:  2.82841923","y:  2.82841923",null,"y:  2.82841923","y:  2.82841923",null,"y:  4.05199816","y:  4.05199816",null,"y:  4.05199816","y:  4.05199816"],"type":"scatter","mode":"lines","line":{"width":2.26771653543307,"color":"rgba(0,0,0,1)","dash":"solid"},"hoveron":"points","name":"(black,solid)","legendgroup":"(black,solid)","showlegend":true,"xaxis":"x","yaxis":"y","hoverinfo":"text","frame":null},{"x":[13.7236328125,4.3125,1.5,1,2,7.125,4.5,3.5,3,4,5.5,5,6,9.75,8.25,7.5,7,8,9,11.25,10.5,10,11,12,23.134765625,14.25,13.5,13,14,15,32.01953125,24.7890625,19.1875,16.875,16,17.75,17,18.5,18,19,21.5,20.5,20,21,22.5,22,23,30.390625,26.03125,24,28.0625,26.25,25.5,25,26,27,29.875,28.75,28,29.5,29,30,31,34.75,33.25,32.5,32,33,34,36.25,35.5,35,36,37,39.25,38.5,38,39,40],"y":[15.9475049032149,10.6233888970245,1.23930377528137,0,0,7.34929871523356,4.79028570212136,0.591388409140752,0,0,1.15008974200398,0,0,5.60072024076262,2.90759047598191,2.11011068108883,0,0,0,3.36079360140469,1.93061496459686,0,0,0,14.0883165151646,6.72925095411001,0.9425708869233,0,0,0,11.4927308278215,10.5894135465193,5.69456539286704,2.69177376752621,0,1.64076879616839,0,0.902475028192265,0,0,3.27887506923313,1.59025980599934,0,0,2.11621032418316,0,0,6.83473990172052,3.19269689661485,0,2.41767417577267,0.999635143483941,0.413780933310558,0,0,0,0.489071609454022,0.411130434288041,0,0.0883271750348799,0,0,0,4.5364520467104,1.99094732545917,1.41318166922248,0,0,0,1.20759885680467,0.973882585992546,0,0,0,4.05199815908864,2.82841923003226,0,0,0],"text":["y: 15.94750490","y: 10.62338890","y:  1.23930378","y:  0.00000000","y:  0.00000000","y:  7.34929872","y:  4.79028570","y:  0.59138841","y:  0.00000000","y:  0.00000000","y:  1.15008974","y:  0.00000000","y:  0.00000000","y:  5.60072024","y:  2.90759048","y:  2.11011068","y:  0.00000000","y:  0.00000000","y:  0.00000000","y:  3.36079360","y:  1.93061496","y:  0.00000000","y:  0.00000000","y:  0.00000000","y: 14.08831652","y:  6.72925095","y:  0.94257089","y:  0.00000000","y:  0.00000000","y:  0.00000000","y: 11.49273083","y: 10.58941355","y:  5.69456539","y:  2.69177377","y:  0.00000000","y:  1.64076880","y:  0.00000000","y:  0.90247503","y:  0.00000000","y:  0.00000000","y:  3.27887507","y:  1.59025981","y:  0.00000000","y:  0.00000000","y:  2.11621032","y:  0.00000000","y:  0.00000000","y:  6.83473990","y:  3.19269690","y:  0.00000000","y:  2.41767418","y:  0.99963514","y:  0.41378093","y:  0.00000000","y:  0.00000000","y:  0.00000000","y:  0.48907161","y:  0.41113043","y:  0.00000000","y:  0.08832718","y:  0.00000000","y:  0.00000000","y:  0.00000000","y:  4.53645205","y:  1.99094733","y:  1.41318167","y:  0.00000000","y:  0.00000000","y:  0.00000000","y:  1.20759886","y:  0.97388259","y:  0.00000000","y:  0.00000000","y:  0.00000000","y:  4.05199816","y:  2.82841923","y:  0.00000000","y:  0.00000000","y:  0.00000000"],"type":"scatter","mode":"markers","marker":{"autocolorscale":false,"color":"transparent","opacity":1,"size":null,"symbol":null,"line":{"width":1.88976377952756,"color":"transparent"}},"hoveron":"points","name":"(NA,1)","legendgroup":"(NA,1)","showlegend":true,"xaxis":"x","yaxis":"y","hoverinfo":"text","frame":null},{"type":"scatter","mode":"markers","marker":{"color":"rgba(44,160,44,1)","line":{"color":"rgba(44,160,44,1)"}},"error_y":{"color":"rgba(44,160,44,1)"},"error_x":{"color":"rgba(44,160,44,1)"},"line":{"color":"rgba(44,160,44,1)"},"xaxis":"x2","yaxis":"y","frame":null},{"x":[1,2,3,4,5,6,7,8,9,10,11,12,13,14,15,16,17,18,19,20,21,22,23,24,25,26,27,28,29,30,31,32,33,34,35,36,37,38,39,40],"y":[1,2,3,4,5,6,7,8,9,10,11,12,13,14,15,16,17,18,19,20,21,22,23,24,25,26,27,28,29,30,31,32,33,34,35,36,37,38,39,40],"z":[[0,0.0744629046498769,0.175363104944227,0.190148206056831,0.336493975463691,0.388782112812651,0.281627856743578,0.280685081388322,0.364410862943263,0.406197966487032,0.443147265571111,0.352486842952032,0.714752226762996,0.727212892306064,1,0.830824568895984,0.752215373670257,0.787669727606099,0.763929387705858,0.831994753076881,0.817362334565884,0.76782999212998,0.725004255238122,0.62543724490822,0.635209844837776,0.645077332181234,0.608755954711333,0.572687429529196,0.564785001312575,0.561622903496264,0.5545717328763,0.444035492196481,0.494836465871835,0.480726974017475,0.584802834635987,0.606602275242706,0.634418853136888,0.821075836928611,0.807256129287174,0.94166379762546],[0.0744629046498769,0,0.179046796283785,0.204888767673149,0.351979550022842,0.406442281202433,0.273312259993305,0.243902163467355,0.334931098841454,0.35728576435142,0.385050068222978,0.289419215172533,0.649210201005726,0.663835241188097,0.953039581127783,0.787175442038897,0.70763657340506,0.74764821125752,0.725605486866462,0.811657589429624,0.790728026033901,0.735824023222683,0.700113609300961,0.589247838443721,0.60877409923811,0.620342815028427,0.584136533369307,0.549513559986519,0.539824559239682,0.536746772593747,0.531616694383237,0.433951150177189,0.489255524183355,0.483450567260995,0.581122142100598,0.60642398642471,0.630120511198228,0.825146215412939,0.823090142664592,0.937464686339808],[0.175363104944227,0.179046796283785,0,0.0348227147648635,0.173472970869475,0.228171950950652,0.107800767629764,0.14803562602445,0.207493584149318,0.283224430548696,0.342550102355268,0.280625535012158,0.627280652779597,0.63054936276965,0.855273796674392,0.68214069995926,0.606224179208968,0.63387529233292,0.608019284574597,0.659356016035865,0.648667042487282,0.604284005545538,0.555524480736093,0.468670916708851,0.467632227773432,0.476044511452653,0.439957986593266,0.403149201992656,0.396741850151361,0.393548697787664,0.385063824272698,0.269133705965392,0.319495299828319,0.307417768541349,0.409750903914427,0.432450873233625,0.45931836278475,0.649013586116459,0.644043487227768,0.766785347116333],[0.190148206056831,0.204888767673149,0.0348227147648635,0,0.148201194953816,0.202115673782157,0.108710965738477,0.172385343157743,0.219533149475559,0.305440283940332,0.368484784529881,0.311622567207299,0.653075426565204,0.654751527094637,0.866381435982174,0.692354723406619,0.61782712326212,0.642165519760062,0.615460647972015,0.654994629262031,0.648248239393892,0.607649086178085,0.554781226706168,0.476552524243755,0.468920957301049,0.476083292144657,0.440425060188513,0.403222033960341,0.398172944551122,0.394981310992694,0.385311508458992,0.262449326605166,0.308615307037763,0.290981257608309,0.396777979483056,0.417204106347165,0.446428482215258,0.630927648294987,0.620260601064962,0.752846180128382],[0.336493975463691,0.351979550022842,0.173472970869475,0.148201194953816,0,0.0547667061512289,0.119596001299943,0.22878304590141,0.2105912297634,0.325936611171693,0.402070943779156,0.381116670694665,0.67196571019813,0.664241950410304,0.806920495712993,0.632703751560718,0.566333709318827,0.575922458430581,0.546584481671338,0.542860823380433,0.549086488120416,0.523118383014788,0.456948184729707,0.415404103971383,0.381928237247864,0.384077918412559,0.351864590636422,0.315526851293766,0.31610567138962,0.313163346137691,0.299626935897959,0.164020633097354,0.188789759506172,0.155268213356953,0.266002767280995,0.280315462574466,0.31453896300288,0.48703042860421,0.472060202620391,0.615338462818644],[0.388782112812651,0.406442281202433,0.228171950950652,0.202115673782157,0.0547667061512289,0,0.167604117164912,0.274483354869681,0.241720915617996,0.358730192096711,0.436163959592913,0.424641014855586,0.697285194076424,0.686573052102035,0.8020160402019,0.629453291697398,0.567450133440473,0.570610603143167,0.540569097665185,0.515549418871017,0.528598709979218,0.510264045617366,0.438623992673374,0.415665962303864,0.371028395338909,0.370537778862088,0.341152924408399,0.306712950246378,0.310163088064924,0.30748262643175,0.29261350319326,0.161314468763038,0.167829802713846,0.12266715200375,0.231875298101037,0.240665431669532,0.278213304519371,0.439244623397453,0.418657031093661,0.57204731022937],[0.281627856743578,0.273312259993305,0.107800767629764,0.108710965738477,0.119596001299943,0.167604117164912,0,0.109424156473082,0.116894188618618,0.22016465837585,0.292499102663357,0.262249811882258,0.571478696651961,0.568384944592443,0.759187678187435,0.584808033060953,0.511222301357575,0.533867900469338,0.506955094736071,0.551572030315216,0.541471279313905,0.499191907391839,0.448183775837533,0.368256192770611,0.361113464732019,0.368942260153905,0.333011662679565,0.296005268126572,0.290244720453099,0.287049384158161,0.27797422165146,0.16265123008556,0.216094842584367,0.212717255055553,0.307827954257083,0.333437233104152,0.356921735823276,0.553042402055145,0.560991895425366,0.664455659497723],[0.280685081388322,0.243902163467355,0.14803562602445,0.172385343157743,0.22878304590141,0.274483354869681,0.109424156473082,0,0.0939462860737797,0.135545291012406,0.196184512457338,0.15299251885385,0.480691067844645,0.482810301229335,0.720419952223159,0.550291795796173,0.471998896763184,0.507161882101429,0.483875849838671,0.571946615948168,0.547595250871066,0.491943241123324,0.457972267442426,0.346218882107098,0.366234057988902,0.378678736290001,0.342795117885644,0.309608271540277,0.298634412566242,0.295648004497505,0.292143005522827,0.219152194495795,0.279333056024289,0.294071674011975,0.369320750069946,0.400654363269863,0.414943593847102,0.620356555936906,0.6454427682669,0.715692904460237],[0.364410862943263,0.334931098841454,0.207493584149318,0.219533149475559,0.2105912297634,0.241720915617996,0.116894188618618,0.0939462860737797,0,0.117013786855219,0.194562163177222,0.200585420248087,0.46186015130177,0.455806057471293,0.647904252029045,0.474647678667387,0.398951371955278,0.426965213449576,0.401738872948946,0.478292669861006,0.455864140492386,0.40349140441068,0.365262963128029,0.262457566139006,0.273843143431189,0.285628991553207,0.24954811019275,0.215840819051918,0.205275021044418,0.202243723376651,0.198283531614964,0.138774966706215,0.1980069410627,0.224264859058837,0.28380976479174,0.317195170722581,0.327132192346217,0.534240260852997,0.569370679142329,0.623935927479706],[0.406197966487032,0.35728576435142,0.283224430548696,0.305440283940332,0.325936611171693,0.358730192096711,0.22016465837585,0.135545291012406,0.117013786855219,0,0.0777417097623364,0.11886713176959,0.351448663853858,0.350058817984861,0.595794331187133,0.430773106736067,0.350933434193986,0.394822245384259,0.375469861857437,0.503991947218078,0.465043766145471,0.398175013732955,0.384395335015334,0.247349394883723,0.29548867683004,0.311937576956823,0.280501134187099,0.257126533166225,0.241778111344598,0.239618613875526,0.24365761983164,0.241207951823508,0.294732084090403,0.331080799097549,0.36884151084187,0.404784926341705,0.404975740967226,0.610931606190003,0.662703926303831,0.680252021395206],[0.443147265571111,0.385050068222978,0.342550102355268,0.368484784529881,0.402070943779156,0.436163959592913,0.292499102663357,0.196184512457338,0.194562163177222,0.0777417097623364,0,0.102261701107817,0.284760076642709,0.289262249715315,0.578814055402506,0.424576131539579,0.345260581914584,0.398793033000617,0.384527816835953,0.540864651004082,0.493350530261848,0.420027603915987,0.421322718664787,0.273248165286472,0.338287250098323,0.356150648494995,0.328878316592375,0.311714109081526,0.295385481637348,0.293766810164762,0.300856313151466,0.316656586506911,0.367976106066202,0.406855231108534,0.437013730073062,0.473425123800916,0.46970883482829,0.672700636535323,0.731839326839377,0.731084038479406],[0.352486842952032,0.289419215172533,0.280625535012158,0.311622567207299,0.381116670694665,0.424641014855586,0.262249811882258,0.15299251885385,0.200585420248087,0.11886713176959,0.102261701107817,0,0.362629866113393,0.374916228064629,0.681074509481659,0.525771098283441,0.446118812764906,0.497440735124612,0.481360246899838,0.622094823448782,0.580778419745029,0.511102661037519,0.502300733380993,0.361065744845352,0.414105663358979,0.430706243199923,0.399360332555387,0.375386192640345,0.360274053678816,0.358036840854234,0.361361260092672,0.338748946735186,0.396813371882201,0.424756446734648,0.477971991259193,0.512937284832424,0.517274261951896,0.724506237904632,0.768330353203394,0.798430864966796],[0.714752226762996,0.649210201005726,0.627280652779597,0.653075426565204,0.67196571019813,0.697285194076424,0.571478696651961,0.480691067844645,0.46186015130177,0.351448663853858,0.284760076642709,0.362629866113393,0,0.0422263188556432,0.434377740542378,0.354700873763855,0.307630237171807,0.37391669540874,0.382133320295201,0.599113597046969,0.529126648823861,0.450208650568502,0.501836766590994,0.368474435663199,0.458434137753964,0.475891985138285,0.46840956018303,0.474140613787667,0.459074335853458,0.459429716261343,0.473623356532596,0.551937187475686,0.587363649902576,0.637577948829262,0.626949539814488,0.661978501361282,0.641913902682109,0.815001801272355,0.906503811379901,0.822617618752966],[0.727212892306064,0.663835241188097,0.63054936276965,0.654751527094637,0.664241950410304,0.686573052102035,0.568384944592443,0.482810301229335,0.455806057471293,0.350058817984861,0.289262249715315,0.374916228064629,0.0422263188556432,0,0.393419800568723,0.313129339178021,0.268553823559114,0.334219854115035,0.343745430810366,0.562004198131348,0.491145194437676,0.412906995563851,0.467806738115197,0.339685436787462,0.429357231204957,0.446333777357523,0.441297911965987,0.449704398591276,0.435219601471302,0.435821718465292,0.450557015673488,0.536954152138812,0.568928746147325,0.620503298608342,0.603335456336316,0.637727789738526,0.615683732329965,0.783632212170167,0.878390268657847,0.786477627051061],[1,0.953039581127783,0.855273796674392,0.866381435982174,0.806920495712993,0.8020160402019,0.759187678187435,0.720419952223159,0.647904252029045,0.595794331187133,0.578814055402506,0.681074509481659,0.434377740542378,0.393419800568723,0,0.174853785473165,0.249105458759482,0.231443918832529,0.261460985633134,0.392737031109614,0.328331840695146,0.303243059494754,0.387470798096028,0.393176707662658,0.43281181494989,0.436658074579431,0.46203782917406,0.495386459753871,0.492152943225055,0.494933791477014,0.509491837195529,0.643810797966217,0.638002679850121,0.691379616345541,0.61291321239884,0.632899491940602,0.593142774736613,0.663908866607588,0.790122238178201,0.590957227877136],[0.830824568895984,0.787175442038897,0.68214069995926,0.692354723406619,0.632703751560718,0.629453291697398,0.584808033060953,0.550291795796173,0.474647678667387,0.430773106736067,0.424576131539579,0.525771098283441,0.354700873763855,0.313129339178021,0.174853785473165,0,0.0800247473480514,0.0621676032217366,0.0924868746824575,0.283932946822169,0.209556712697055,0.152851684064634,0.236574175881589,0.218337740873001,0.264075405310738,0.270564446918325,0.292196169603797,0.323745826913397,0.319298661665781,0.321970707207073,0.3369493373929,0.470143677329483,0.467606896291371,0.521865136367588,0.451461364671013,0.475343290467509,0.438418842506545,0.545200736704331,0.662729922305775,0.507250622274682],[0.752215373670257,0.70763657340506,0.606224179208968,0.61782712326212,0.566333709318827,0.567450133440473,0.511222301357575,0.471998896763184,0.398951371955278,0.350933434193986,0.345260581914584,0.446118812764906,0.307630237171807,0.268553823559114,0.249105458759482,0.0800247473480514,0,0.0672650213709773,0.076032221720046,0.295886314243218,0.223427718281338,0.147687772032217,0.216901621198968,0.151787408361509,0.216194638774899,0.227125936503188,0.240800997836564,0.267436974959258,0.260037098294559,0.262340297325801,0.278125105000348,0.406434819344869,0.411150194463798,0.46626900960954,0.408179841576138,0.436061964019661,0.403145796177668,0.537155917877136,0.646029994363351,0.521888537144482],[0.787669727606099,0.74764821125752,0.63387529233292,0.642165519760062,0.575922458430581,0.570610603143167,0.533867900469338,0.507161882101429,0.426965213449576,0.394822245384259,0.398793033000617,0.497440735124612,0.37391669540874,0.334219854115035,0.231443918832529,0.0621676032217366,0.0672650213709773,0,0.03058693487779,0.236421891071969,0.162256138271344,0.0947942044262744,0.176058561050268,0.165619945530307,0.202865588879054,0.208711587305768,0.231479024227841,0.264097625519315,0.260717768983604,0.263509558233994,0.278051436179719,0.412513447153043,0.407328244589199,0.461235923579236,0.389331877495298,0.413202453293754,0.376456067500544,0.489711638178901,0.604608380325032,0.462437599313182],[0.763929387705858,0.725605486866462,0.608019284574597,0.615460647972015,0.546584481671338,0.540569097665185,0.506955094736071,0.483875849838671,0.401738872948946,0.375469861857437,0.384527816835953,0.481360246899838,0.382133320295201,0.343745430810366,0.261460985633134,0.0924868746824575,0.076032221720046,0.03058693487779,0,0.219869864888987,0.147547685410429,0.0723774346064342,0.148805804672716,0.13937202244979,0.172306236313625,0.178164203630473,0.20101032622266,0.233927700466418,0.230946454271627,0.233781859675452,0.248136287441512,0.382953063671706,0.376918289726205,0.430742834013166,0.358999491796515,0.383229145765656,0.346896767728882,0.465872388659447,0.578624529846518,0.445938816662243],[0.831994753076881,0.811657589429624,0.659356016035865,0.654994629262031,0.542860823380433,0.515549418871017,0.551572030315216,0.571946615948168,0.478292669861006,0.503991947218078,0.540864651004082,0.622094823448782,0.599113597046969,0.562004198131348,0.392737031109614,0.283932946822169,0.295886314243218,0.236421891071969,0.219869864888987,0,0.0745960678894605,0.149108551798805,0.119904313027766,0.269423151809815,0.209368457277351,0.194544509757056,0.229587184998842,0.262481988369224,0.273443395464829,0.276383597100448,0.280206132499258,0.39273151740025,0.354250787491288,0.392888190286215,0.286066255202243,0.28936899366221,0.246609050527222,0.271257829042836,0.39784059793103,0.226224337791864],[0.817362334565884,0.790728026033901,0.648667042487282,0.648248239393892,0.549086488120416,0.528598709979218,0.541471279313905,0.547595250871066,0.455864140492386,0.465043766145471,0.493350530261848,0.580778419745029,0.529126648823861,0.491145194437676,0.328331840695146,0.209556712697055,0.223427718281338,0.162256138271344,0.147547685410429,0.0745960678894605,0,0.0803418771846313,0.0935113817401501,0.220383978420366,0.182285130063626,0.172632904219389,0.20881958258484,0.245520498093641,0.252592067296748,0.255760402161847,0.263603494285965,0.390289002898305,0.361760410260212,0.407323589570515,0.309067445510052,0.320639542478961,0.278266626503346,0.340081836855581,0.463191537455196,0.300197918352144],[0.76782999212998,0.735824023222683,0.604284005545538,0.607649086178085,0.523118383014788,0.510264045617366,0.499191907391839,0.491943241123324,0.40349140441068,0.398175013732955,0.420027603915987,0.511102661037519,0.450208650568502,0.412906995563851,0.303243059494754,0.152851684064634,0.147687772032217,0.0947942044262744,0.0723774346064342,0.149108551798805,0.0803418771846313,0,0.0852842391247628,0.150827330096478,0.141393305776699,0.139752750558827,0.171363662341508,0.208230877586142,0.210420959299603,0.213573029840585,0.225126755728894,0.359690365750739,0.342897012333238,0.393967636490978,0.309890434731452,0.329799025815584,0.290627380973479,0.394958710443023,0.510254281113105,0.374492064502162],[0.725004255238122,0.700113609300961,0.555524480736093,0.554781226706168,0.456948184729707,0.438623992673374,0.448183775837533,0.457972267442426,0.365262963128029,0.384395335015334,0.421322718664787,0.502300733380993,0.501836766590994,0.467806738115197,0.387470798096028,0.236574175881589,0.216901621198968,0.176058561050268,0.148805804672716,0.119904313027766,0.0935113817401501,0.0852842391247628,0,0.151951645466843,0.0918777439462308,0.0799721808862476,0.116308792678569,0.152473928407535,0.160506672069489,0.163631915655534,0.170594079255192,0.297058710717467,0.270980004489595,0.318853740062258,0.227734174366717,0.245571472659609,0.205721585048404,0.320635144102777,0.430105816061877,0.324680688806043],[0.62543724490822,0.589247838443721,0.468670916708851,0.476552524243755,0.415404103971383,0.415665962303864,0.368256192770611,0.346218882107098,0.262457566139006,0.247349394883723,0.273248165286472,0.361065744845352,0.368474435663199,0.339685436787462,0.393176707662658,0.218337740873001,0.151787408361509,0.165619945530307,0.13937202244979,0.269423151809815,0.220383978420366,0.150827330096478,0.151951645466843,0,0.0899599638174957,0.107591702338602,0.10306872269241,0.120571260423259,0.110547680644071,0.11249855827032,0.1285546915101,0.254674150292172,0.261455100988048,0.316692004449469,0.271245598286254,0.303286973546638,0.2774494565306,0.447814316154578,0.538712081539266,0.474071852513143],[0.635209844837776,0.60877409923811,0.467632227773432,0.468920957301049,0.381928237247864,0.371028395338909,0.361113464732019,0.366234057988902,0.273843143431189,0.29548867683004,0.338287250098323,0.414105663358979,0.458434137753964,0.429357231204957,0.43281181494989,0.264075405310738,0.216194638774899,0.202865588879054,0.172306236313625,0.209368457277351,0.182285130063626,0.141393305776699,0.0918777439462308,0.0899599638174957,0,0.0186562882327319,0.0300793458291941,0.0668873436044625,0.0708988290776564,0.0740936404539267,0.08412295472651,0.218318881684521,0.205298084937321,0.258612423780768,0.19200422877627,0.220779423426441,0.190901236302004,0.358536138368722,0.44911211746729,0.394393610202452],[0.645077332181234,0.620342815028427,0.476044511452653,0.476083292144657,0.384077918412559,0.370537778862088,0.368942260153905,0.378678736290001,0.285628991553207,0.311937576956823,0.356150648494995,0.430706243199923,0.475891985138285,0.446333777357523,0.436658074579431,0.270564446918325,0.227125936503188,0.208711587305768,0.178164203630473,0.194544509757056,0.172632904219389,0.139752750558827,0.0799721808862476,0.107591702338602,0.0186562882327319,0,0.0363372206743369,0.0729371630787031,0.0805699091579821,0.0836822580330366,0.0909877199608437,0.221537688746171,0.203397622763681,0.255374377060742,0.181946897794126,0.208938067637959,0.177039603475936,0.340386895983543,0.432503457711195,0.376012870032409],[0.608755954711333,0.584136533369307,0.439957986593266,0.440425060188513,0.351864590636422,0.341152924408399,0.333011662679565,0.342795117885644,0.24954811019275,0.280501134187099,0.328878316592375,0.399360332555387,0.46840956018303,0.441297911965987,0.46203782917406,0.292196169603797,0.240800997836564,0.231479024227841,0.20101032622266,0.229587184998842,0.20881958258484,0.171363662341508,0.116308792678569,0.10306872269241,0.0300793458291941,0.0363372206743369,0,0.0373434000291369,0.0443120391607135,0.0473968253822289,0.0551141854393656,0.188327939176696,0.175973879736355,0.229765924303117,0.169482698887951,0.200537467382793,0.174621087137273,0.354768284318181,0.438186565027322,0.402267464193],[0.572687429529196,0.549513559986519,0.403149201992656,0.403222033960341,0.315526851293766,0.306712950246378,0.296005268126572,0.309608271540277,0.215840819051918,0.257126533166225,0.311714109081526,0.375386192640345,0.474140613787667,0.449704398591276,0.495386459753871,0.323745826913397,0.267436974959258,0.264097625519315,0.233927700466418,0.262481988369224,0.245520498093641,0.208230877586142,0.152473928407535,0.120571260423259,0.0668873436044625,0.0729371630787031,0.0373434000291369,0,0.0166370215490506,0.0179506992407416,0.0181238915734557,0.151663322261348,0.144241558652053,0.199094086782418,0.153819717063031,0.188046980925311,0.1693929677142,0.362959383276763,0.436558262298268,0.423131974595736],[0.564785001312575,0.539824559239682,0.396741850151361,0.398172944551122,0.31610567138962,0.310163088064924,0.290244720453099,0.298634412566242,0.205275021044418,0.241778111344598,0.295385481637348,0.360274053678816,0.459074335853458,0.435219601471302,0.492152943225055,0.319298661665781,0.260037098294559,0.260717768983604,0.230946454271627,0.273443395464829,0.252592067296748,0.210420959299603,0.160506672069489,0.110547680644071,0.0708988290776564,0.0805699091579821,0.0443120391607135,0.0166370215490506,0,0.00319552691295118,0.0181040871113283,0.152169897170914,0.15124497541885,0.206455583589249,0.168127601249663,0.202904531120994,0.185482960055002,0.379587086375211,0.45274206437953,0.438550029101366],[0.561622903496264,0.536746772593747,0.393548697787664,0.394981310992694,0.313163346137691,0.30748262643175,0.287049384158161,0.295648004497505,0.202243723376651,0.239618613875526,0.293766810164762,0.358036840854234,0.459429